250
234 111 89 199 17 106 168 240 130 216 114 148 80 221 256 244 268 120 157 11 177 87 179 209 107 231 141 184 173 250 254 8 56 255 226 100 172 211 24 28 16 91 262 15 40 32 160 174 124 258 208 66 210 125 116 14 147 50 165 60 150 84 200 143 42 192 163 102 101 155 206 249 178 156 98 129 90 171 194 20 159 189 146 119 109 95 252 88 182 103 201 25 70 185 9 43 127 218 75 68 72 260 236 117 30 222 55 93 131 207 37 257 136 212 232 164 205 161 167 265 253 19 247 78 259 58 229 198 270 105 203 41 169 248 62 69 187 74 214 261 220 223 126 97 151 204 224 34 246 132 92 3 142 96 44 139 4 110 158 7 6 45 133 242 153 31 112 138 239 22 67 190 144 83 215 54 228 193 63 12 47 53 186 121 213 251 243 225 162 27 52 1 175 137 61 23 10 39 134 170 128 183 104 176 108 241 235 195 86 38 264 154 48 263 2 166 217 269 233 13 115 36 57 77 196 267 26 149 64 135 29 49 81 140 230 238 123 65 180 118 46 59 5 51 94 113 191 266 188 245 100
196
344
370
258
213
189
185
275
278
490
364
221
385
273
357
286
327
301
93
247
253
355
424
373
279
160
312
351
287
282
182
242
53
239
230
475
376
281
330
206
142
356
180
229
54
181
277
292
221
364
122
407
117
129
282
439
213
333
107
261
432
151
416
287
237
250
286
268
309
309
231
225
191
371
315
217
172
288
413
133
310
288
346
318
246
308
418
216
147
359
313
344
108
193
350
445
278
110
285
248
