00000000000000000000000000000000000000000000011111110000000000000000000000000000000000000000000000000000000000000000000000000000000000000000000000000000000000000000000000000000000000000000000000000000
00000000000000000000000000000000000000000011111000111100000000000000000000000000000000000000000000000000000000000000000000000000000000000000000000000000000000000000000000000000000000000000000000000000
00000000000000000000000000000000000000001110000000000111000000000000000000000000000000000000000000000000000000000000000000000000000000000000000000000000000000000000000000000000000000000000000000000000
00000000000000000000000000000000000000111000000000000001000000000000000000000000000000000000000000000000000000000000000000000000000000000000000000000000000000000000000000000000000000000000000000000000
00000000000000000000000000000000000001100000000000000001100000000000000000000000000000000000000000000000000000000000000000000000000000000000000000000000000000000000000000000000000000000000000000000000
00000000000000000000000000000000000011000000000000000001100000000000000000000000000000000000000000000000000000000000000000000000000000000000000000000000000000000000000000000000000000000000000000000000
00000000000000000000000111110000000110000000000000000001100000000000000000000000000000000000000000000000000000000000000000000000000000000000000000000000000000000000000000000000000000000000000000000000
00000000000000000000000011111111111111111000000000000001000000000000000000000000000000000000000000000000000000000000000000000000000000000000000000000000000000000000000000000000000000000000000000000000
00000000000000000000000000000111100111111111111111111111100000000000000000000000000000000000000000000000000000000000000000000000000000000000000000000000000000000000000000000000000000000000000000000000
00000000000000000000000000000001100000000000000000111111111111111000000000000000000000000000000000000000000000000000000000000000000000000000000000000000011110000000000000000000000000000000000000000000
00000000000000000000000000000000100000000000000000000000000000111111111110000000000000000000000000000000000000000000000000000000000000000000000000000001110001100000000000000000000000000000000000000000
00000000000000000000000000000000110000000000000000000000000000000000001111000000000000000000000000000000000000000000000000000000000000000000000000000011000000100000000000000000000000000000000000000000
00000000000000000000000000000000011000000000000000000000000000000000011110000000000000000000000000000000000000000000000000000000000000000000000000000110000000110000000000000000000000000000000000000000
00000000000000000000000000000000001000000000000000000000000000000001110000000000000000000000000000000000000000000000000000000000000000000000000000001100000000010000000000000000000000000000000000000000
00000000000000000000000000000000001000000000000000000000000000000111000000000000000000000000000000000000000000000000000000000000000000000000000000001000000000010000000000000000000000000000000000000000
00000000000000000000000000000000001100000000000000000000000000001100000000000000000000000000000000000000000000000000000000000000000000000000100000001000000000010000000000000000000000000000000000000000
00000000000000000000000011111111111100000000000000000000000000011000000000000000000000000000000000000000000000000000000000000000000000000001100000001000000000110000000000000000000000000000000000000000
00000000000000000000000011111111111111111111000000000000000000100000000000000000000000000000000000000000000000000000000000000000000000000001100000001000000000110000000000000000000000000000000000000000
00000000000000000000000000000111100000000111111111111110000001100000000000000000000000000000000000000000000000000000000000000000000000000001000000001100000011111000000001000000000000000000000000000000
00000000000000000000000000000000110000000000000000011111111111111111111100000000000000001111111111100000000000000000000000000000000000000011000000011110011110001100000001100000000000000000111110000000
00000000000000000000000000000000011000000000000000000000000000000000111100000000000001111100111111111110000000000000000000000000000000000010000000010011111000000010000000100000000000000001100011000000
00000000000000000000000000000000001100000000000000000000000000000011111000000000000011000000111011000011100000000000000000000000000000000110000000110000000000000011000000100000000000000001000001000000
00000000000000000000000000000000000110000000000000000000000000001111000000000000000111000001000001100000111000000000000000000000000000000110000000100000000000000001100000110000000000000011000001100000
00000000000000000000000000111111111111000000000000000000000000011000000000000000000110000011000001100000001111000000000000000000000000000100000001100000000000000000100000010000000000000110000000100000
00000000000000000000000000000011111111111111100000000000000000110000000000000000000010000110000001100000000110000000000000000000000000001100000011111000000000000000110000011000000000000100000000100000
00000000000000000000000000000000110000000001111111111110000000100000000000000000000011000100000011000000111100000000000000000000000000011000000011111110000000000001110000001000000000000100000000100000
00000000000000000000000000000000011000000000000000011111111111111111110000000000000001111100001110000111100000000000000000000000000000010000000001000011100000001111110000001100000000000100000000100000
00000000000000000000000000000000001100000000000000000000000000000111111000000000000000011111111111111100000000000000000000000000000000110000000011000000110000111000010000000100000000000100000000100000
00000000000000000000000000000000000110000000000000000000000000000111000000000000000000000111000000000000000000000000000000000000000000100000000011000000010001100000010000000100000000000110000000100000
00000000000000000000000000000000000010000000000000000000000000011100000000000000000000000010000000000000000000000000000000000000000000100000000011000000011001000000011000000110000000000110000000100000
00000000000000000000000000010000000011000000000000000000000000110000000000000000000000000011000000000000000000000000000000000000000000111111100011000000001011000000011000001110000000000000000000100000
00000000000000000000000000111111110011000000000000000000000001100000000000000000000000000011000000000000000000000000000000000000000000000011111111000000001110000000001111111100000000000000000000100000
00000000000000000000000000000011111111111111111000000000000001000000000000000000000000000011100000000000000000000000000000000000000000000000000011000000000110000000001000000000000000000000000000100000
00000000000000000000000000000000011100000001111111111111111111111111110000000000000000000010110000000000000000000000000000000000000000000000000011000000000110000000001000000000000000000000000000100000
00000000000000000000000000000000001100000000000000000000000011111111110000000000000000000110011100001111000000000000000000000000000000000100000011000000000110000000001000000000000000000000000001100000
00000000000000000000000000000000000010000000000000000000000000000111000000000000000000000110000111111100000000000000000000000000000000000111000001000000000110000000001000000110000000000000000001100000
00000000000111100000000000000000000011000000000000000000000000011100000000000000000000000110000000000000000000000000000000000000000000000001100001000000000110000000001000001100000000000000000001000000
00000000111111111000000000000000000001100000000000000000000000110000000000000000000000000110000000000000000000000000000000000000000000000000111001000000000010000000001000011000000000000000000001000000
00000001111100001100000000000000000000110000000000000000000001100000000000000000000000000000000000000000000000010000000000000000000000000000001101000000000011000000001000110000000000000000000001000000
00000011000000000100000000000000000000010000000000000000000011000000000000000000000000000000000000001111110001111100000000000000001111000000000111100000000011000000001000100000000000000000000011000000
00000110000000000100000000000000000000011000000000000000000110000000000000000000000000000000000000111100011001000110000000000000111001100000000011100000000010000000001001100000000000000000000011000000
00000100000000000110000000000000000000001000000000000000001100000000000000000000000000000000000011100000001111000011000000000001100000100000000001110000000010000000001011000000000000001111111111111000
00001100000000000110000000000000000000001000000000000000011000000000000000000000000000000000001110000000000111000001100000000011000000110000000000111000000010000000011110000000000000000000000010000000
00001000000000000100000000000000000000001100000000000000110000000000000000000001111110000000011000000000000111000000110000000010000000110000000000011100000010000000011100000000000000000000000010000000
00011000000000000100000000000000000000001100000000000000100000000000000000000011111111000000010000000000000111000000011000000110000000010000000000000110000010000000110000000000000000000000000110000000
00010000000000001100000000000000000000000100000000000001100000000000000000000110111011100000110000000000000111000000011100000100000000010000000000000011100010000001100000000000000000000000000100000000
00010000000000011000000000000000000000000100000000000011000000000000000000001000000000100000100000000000000111000000011000001100000000010000000000000000111111111111000000000000000000000000000100000000
00010000000000110000000000000000000000000100000000000010000000000000000000011000000000100000100000000000000110000001110000001000000000110000000000000000000111111000000000000000000000000000000100000000
00011000000001100000000000000000000000000100000000000110000000000000000000010000000001100000100000000000000100000011000000001000000000110000000000000000000000000000000000000001111100000000001100000100
00001100001111000000000000000000000000000100000000000100000000000000000000110000000001000000110000000000001100000110000000001100000000100000000000000000000000000000000000000111001110000000001100000100
00000111111100000000000000000000000000000100000000001100000000000000000000100000000011000000010000000000011000001100000000000000000000100000000000000000000000000000000000001100001110000000001000001100
00000001100000000000000000000000000000000100000000001000000000000000000000100000000110000000011000000000110000011000000000000000000000100000000000000000000000000000000000011000000011000000001000011000
00000001100000000000000000000000000000000100000000001000000000000000000000110000001100000000011100000011100000110000000000000000000001100000000000000000000000000000000000110000000011000000001000110000
00000001100000000000000000000000000000001100000000001000000000000000000000010000111000000000110111011110000011100000000000000000000001000000000000000000000000000000000001100000000011000000001001100000
00000001100000000000000000000000111111111111100000011000000000000000000000011111100000000001100011111000000110000000000000000000000001000000000000000000000000000000000001000000000010000000001111000000
00000001000000000000000000000000000000000011111111111100000000000000000000000110000000000001100000100000001100000000000000000000000011000000000000000000000000000000000001000000000110000000000000000000
00000001000000000000000000000000000000000000000000011111111110000000000000000110000000000001100000000000011000000000000000000000000010000000000000000000000000000000000001000000001100011110000000000000
00000001000000000000000000000000000000000000000000001000000110000000000000000110000000000000100000000000110000000000000000000000111111110000000000000000000000000000000001100000111111111110000000000000
00000011000000000000000000000000000000000000000000000000000000000000000000000110000000000000100000000011100000000000000000000111111111110000000000000000000000000000000000111111111000000110000000000000
00000010000000000000000000000000111111111000000000000000000000000000000000000110000000000000110000000110000000000000000000000000000100000000000000000000000000000000000001111110000000000100000000000000
00000010000000000000000000000111100000011100000000000000000000000000000000000100000000000000011000001100000000000000000000000000001100000000000000001000000100000000011111100000000000000100000000000000
11111111111111000000000000011110000000011000000000000000000000000000000000000100000000000000001000011000000000000000000000000000001000000000000000011000001100000000111000000000000000000100000000000000
01111110000000000000000001111110000000011000000000000000000000000000000000000100000000000000001101110000000000000000000000000000011000000000010000011000001100000000110000000000000000000100000000000000
00000100000000000000000111100011000000011000000000000000000000000000000011111111111110000000000111000000000000000000000000000000011000000000011000011000001100000000011000000000000000000100000000000000
00000100000000010000011110000001000000010000000000000000000000000000000000001101111110000000000000000000000000000000000000000000010000000000011000111000011100000000011000000000000000000100000000000000
00001100000000110000111100000001000000110000000000000000011111100000000000001000000000000000000000000000000000000000000000000000010000000000001100111000011100000000001000000000000000001100000000000000
00001000000001100001100100000001000001100000000000000001110000110000000000001000000000000000000000000000000000000000000000000000110000000000001101111000111100000000001100111111111111111100000000000000
00001000000011000011001100000011000111000000000000000111000000011000000000001000000000000000000000000000000000000000000000000000110000000000001111001000111100000000001111110000000000000000000000000000
00001100001110000110001100000010001100000000000000001100000000001000000000011000000000000000000000000000000000000000000000000000110001100000001111001000101100000000000111000000000000000000000000000000
00000111111000001100001100000110111000000000000000001100000000001000000000011000000000000000000000011111100000000000000000000000011111000000001110001001100100000000000000000000000000000000000000000000
00000000000000001000001100001111100000000000000000001100000000001000000000001000000000000000000001110000110000000000000000000000001100000000001110001001000100000000000000000000000000000000000000000000
00000000000000011000000100011110000000000000000000000000000000001000000000001100000000000000000001000000010000000000001100000000000000000000001110001011000111111100000000000000000000000000000000000000
00000000000000011000000111111000000000000000000000000000000000011000000000000111111000000000000001000000011000000000001100000000000000000000011010001110000110000110000000000000000000000000000000000000
00000000000000001111111111000000000000000000000000000000000000011000000000000011100000000000000000000000011000000000001100000000000000000000011010001110000100000011000000000000000000000000000000000000
00000000000000000000000011000000000000000000000000000000000000010000000000000000000000000000000000000000010000000000000110000000000000000000110010001100000100000001100000000000000000000000000000000000
00000000000000000000000001100000000000000000000000000000000000110000000000000000000000000000000000000000010000000000000110000000000000000001110010001100000110000000100000000000000000000000000000000000
00000000000000000000000000110000000000000001100000000000000000100000000000000000000000000000000000000000010000000000000111000000000000001111110010001100000110000001100000000000000000000000000000000000
00000000000000000000000000111000000000000111000000000000000001100000000000000000000000000000000000000000110000000000000100110000000000111000010010001100000010000011000000000000000000000000000000000000
00000000000000000000000000111100000000001100000000000000000001100000000000000000000000000000000000000000100000000000000100011111111111100000010010001100000010001110000000000000000000000000000000000000
00000000000000000000000000011111000001111000000000000111111111111110000000000000000000000000000000000001100000000000000100000011111000000000010010001100000011111000000000000000000000000000000000000000
00000000000000000000000000010001111111000000000000000011111111000000000000000000000000000000000000000001000000000000000100000000000000000000010010001100000011000000000000000000000000000000000000000000
00000000000000000000000000010000000000000000000000000000000010000000000000000000000000000000000000000011000000000000001100000000000000000000010010001100000010000000000000000000000000000000000000000000
00000000000000000000000000011000000000000000000000000000000110000000000000000000000000000000000000000010000000000000001100000000000000000000010010001111000010000000000000000000000000000000000000000000
00000000000000000000000000001000000000000000000000000000000100000000000000000000000000000000000000011111000000000000001100000000111111111110010011001101110011000000000000000000000000000000000000000000
00000000000000000000000000001000000000000000000000000000001100000000000000000000000000000000011111111111111000000000001000011111111100011111111011101100011011000000000000000000000000000000000000000000
00000000000000000000000000001000000000000000000000000000001100000000000000000000000000000000000000001100000000000000001111110000000000000000011111111100001011000000000000000000000000000000000000000000
00000000000000000000000000001100000000000000000000000000001000000000000000000000000000000000000000001000000000000000001110000000000000000000010110011100001111000000000000000000000000000000000000000000
00000000000000000000000000000100000000000000000000000000001000000000000000000000000000000000000000011000000000000000000000000000000000000000000010011100000111000000000000000000000000000000000000000000
00000000000000000000000000000100000000000000000000000000011000000000000000000000000000000000000000011000000000000000000000000000000000000000000011001100000011000000000000000000000000000000000000000000
00000000000000000000000000000000000000000000000000000000011001000000000000000000000000000000000000010000000000000000000000000000000000000000000011001100000011000000000000000000000000000000000000000000
00000000000000000000000000000000000000000000000000000000001111000000000000000000000000000000000000010000000000000000000000000000000000000000000011001100000001000000000000000000000000000000000000000000
00000000000000000000000000000000000000000000000000000000000000000000000000000000000000000000000000110000110000000000000000000000000000000000000000000100000000000000000000000000000000000000000000000000
00000000000000000000000000000000000000000000000000000000000000000000000000000000000000000000000000110001100000000000000000000000000000000000000000000100000000000000000000000000000000000000000000000000
00000000000000000000000000000000000000000000000000000000000000000000000000000000000000000000000000011111000000000000000000000000000000000000000000000000000000000000000000000000000000000000000000000000
00000000000000000000000000000000000000000000000000000000000000000000000000000000000000000000000000001000000000000000000000000000000000000000000000000000000000000000000000000000000000000000000000000000