1000
4020 205 4530 7381 951 4667 2980 9528 494 5242 3260 3377 802 9470 6353 4601 1355 272 2577 1090 641 1913 8935 5902 7346 7935 2558 7983 6963 6319 801 5166 5434 9452 2709 9424 4492 3878 1674 1637 1218 639 1773 5699 8369 8394 4146 451 730 9701 1408 8202 4511 2905 6749 474 5047 367 2667 794 9988 6389 6435 1956 1363 8946 2786 2494 3268 6886 2609 8715 4091 8421 922 7026 3861 4245 1191 9519 8591 1558 7148 2633 2452 8050 6840 164 4933 869 9609 2583 8734 3023 126 9649 1511 535 2320 7016 2504 5138 1955 3842 1904 7332 7753 7799 6920 2455 1081 9846 4547 6282 2206 264 9481 6651 6722 1698 548 5928 1661 5631 7323 355 2121 3549 9853 6020 1960 4326 8080 5795 263 1858 6187 8214 4548 2139 7840 5863 4559 5073 1406 5338 9309 1727 1270 957 1683 9102 9708 6897 2337 8664 9457 9929 9820 96 6335 6529 352 512 2692 656 5862 4275 9970 4624 515 3380 2038 1950 9073 6135 6248 1213 1954 3030 8610 9552 321 7534 661 616 3772 5164 6728 2394 258 6867 1445 306 5342 4155 626 2087 1597 558 3917 1788 9612 4514 5603 3688 2335 9352 188 5027 470 9111 1195 1782 8694 2180 566 6753 3082 4110 7595 8907 4402 5640 8790 3337 942 2321 9426 1000 8455 2 5897 7066 8155 3583 8010 3043 808 6799 346 4021 1035 4823 1290 2911 7833 3246 7015 5345 350 540 6887 5443 5091 2466 2695 1460 5071 6957 5669 3978 2833 9493 970 2825 2194 3226 8366 6605 6655 109 8475 4611 1567 836 3272 995 9947 7324 2011 7635 9360 1391 2160 8066 6137 3939 7831 4002 5711 4571 2285 4327 6088 4906 3452 9587 3422 2392 4372 579 7600 5291 9139 6432 1785 257 5743 6714 9208 5856 3313 6367 8881 1160 6080 8783 4759 7057 7808 831 7693 8100 8215 8987 6042 4541 4352 5231 395 159 4436 4791 5054 8489 2181 389 2156 280 3613 9539 6646 8679 1241 4755 6912 5355 1864 2645 1344 5818 5518 4253 267 2624 4033 9392 329 3388 2252 4371 1914 1100 1606 5612 5052 9815 2309 733 9198 1834 9995 6150 4540 1026 5418 5720 605 7804 5944 8972 5207 7780 289 8418 149 1578 7636 8651 2057 7893 7467 7509 642 888 4416 3528 7249 5029 1518 1065 8000 3591 3694 4790 342 7781 4971 2671 9053 242 8473 7614 6748 7851 1510 4288 5583 8210 9931 7080 468 691 561 457 3130 9178 7928 1012 1787 7379 8168 9390 9878 4161 6281 7542 3090 3171 6225 2694 688 1236 4940 8583 3985 7683 8273 890 3304 1379 5410 3056 2995 9636 3033 2897 7776 48 5165 7343 5241 9096 3190 3076 2003 3982 1398 4432 1534 3378 2713 5854 1528 2603 3512 4209 4249 9370 7005 1935 7832 6803 5666 5315 1190 4425 6375 6459 4872 1251 4188 4137 6698 3353 4819 4708 9447 8750 6455 6493 5448 3872 2702 5477 1664 7979 2141 8407 393 3038 8676 5213 8001 2267 6801 6402 1987 9843 3354 143 6199 619 6118 6478 7338 5468 5754 1941 944 3656 1034 260 5464 6883 1057 8123 2497 9298 5422 4573 681 928 171 3925 7627 4305 2412 8200 6954 4919 4852 5502 8945 3074 256 2644 9377 7847 6623 4452 1306 8454 954 9106 7828 7170 2295 918 770 3013 1462 1843 2717 1309 7355 472 5575 1420 3718 9979 3536 8497 9152 9040 6323 1861 338 6592 5506 2219 2674 5801 5427 4007 8323 9149 4195 2258 3869 2547 9007 976 1533 2107 228 675 2565 2910 2004 1101 5392 5389 4164 8393 3729 1618 4901 2972 2932 4979 1008 1595 1928 3350 409 2474 1291 3025 2971 3017 1931 7576 1237 9214 377 1015 3357 5113 3598 4479 8621 6166 1186 8536 581 3493 464 1962 7557 4907 870 8992 1762 6216 6043 3811 6387 4679 8390 1177 2686 2654 445 2220 103 913 3093 243 7708 7766 3036 1818 9136 4710 7593 3070 1412 212 9372 6010 6031 4160 8657 2212 5168 3111 1693 6637 3892 3179 5779 2130 399 7295 4744 2478 7464 1178 1957 3214 1436 1636 7957 3899 3516 714 4521 7540 6687 8604 1837 4532 7206 9696 8552 6443 5004 3228 772 709 5002 8643 9544 3950 6989 6128 9255 4223 6849 9968 5569 2574 453 24 9033 4439 4349 7264 8983 9151 3810 711 813 767 8941 7927 5676 8996 4900 2666 2871 9574 4260 876 1912 8711 3280 5923 6675 4975 8857 1437 5224 1350 1775 6505 7900 9329 422 4314 8849 429 4565 3077 4216 8395 452 6450 8781 7322 8551 6036 8498 2984 5334 1720 7124 716 1535 2738 3650 2134 6124 4151 3826 1451 805 5917 9807 1317 2073 4355 5153 2566 7560 4529 7671 6165 6511 8837 7123 7843 6943 6296 6014 699 7415 4029 6910 4773 7240 139 84 2564 2415 5278 9743 2209 7473 3373 5619 9735 7625 6760 3368 6125 2001 3278 2380 2081 4122 5221 2521 1396 7869 2485 8910 9745 6673 3625 2894 3769 9698 5948 7916 69 2431 754 1569 8719 4657 8072 7408 2162 7645 1037 6218 2951 5553 4517 9717 4256 2442 8971 1324 745 4837 9449 7468 1892 3655 3020 788 6640 630 8788 5837 3563 5541 8408 5721 7160 7430 4012 6265 3529 8773 9308 4676 9475 4528 1996 81 2421 1198 2649 9496 873 1439 3007 1284 8312 8405 3485 795 1283 5988 6710 5313 4351 1369 5769 4593 2691 5939 4958 426 2543 3187 9425 9588 6083 1807 5668 7854 7024 4373 8438 8370 6740 6880 308 1154 2700 1648 3980 547 4451 4999 2957 6618 8346 4685 7807 6787 2425 864 4 672 432 9687 7664 8511 45 8693 4297 967 2178 6385 5834 649 3163 708 1539 3885 2875 6528 1036 990 2313 9090 1246 6768 2696 4409 1150 3955 9561 8655 8426 4833 360 1906 6737 687 3239 4851 2488 
10000
10543
3433
10963
6190
16107
5241
9389
8588
3837
16815
6203
7085
8384
13629
11144
2194
10879
9217
12828
1957
3378
7406
6694
2412
4656
13832
13927
10260
10975
7674
8651
8577
7962
13462
16333
4059
1247
10576
12066
11217
10296
7878
19383
3787
3876
5058
6479
16318
8869
12229
2380
14866
7642
9581
12413
10059
5815
4774
10555
3740
11452
6537
14747
1535
8296
7118
2222
7836
6440
9759
9653
11824
4474
4504
6227
9089
7587
7959
12537
14082
13379
5061
5397
8261
9901
9008
15550
12842
8779
15214
9003
8567
15159
18689
6146
7649
4700
3381
11427
11002
10499
8479
6727
9664
11782
10331
8870
4395
14123
3831
10276
12144
14516
8723
5721
6821
11940
13256
7312
7035
11700
7654
5112
4339
14101
2525
12362
11579
19317
4385
10188
13465
7286
12402
8765
12927
6656
10211
10701
8401
9584
7325
12316
10264
9524
14901
7439
3069
13389
621
4107
16216
9216
2823
6436
3687
9027
10789
2778
9586
11902
10651
16530
12202
13778
7689
1093
11856
2956
14399
1779
10821
5332
16606
8950
9780
5719
12213
1853
12120
1815
9979
6074
4770
5026
7311
13778
9121
15614
12730
9985
12982
6382
11060
8099
10563
2232
6935
4200
7710
5861
14072
9388
2115
15043
8537
12599
10232
15863
7675
14506
11510
4509
11122
11121
9416
9362
6925
8998
9785
12451
16208
6655
12279
11140
15327
17448
8950
7053
8922
13090
13768
15304
12201
18563
9005
3913
4629
10081
7783
6299
14175
10992
9823
2227
18725
7102
12348
7510
7720
12778
10325
9701
10388
19712
7070
12809
7457
8252
16776
19629
8091
10262
3110
4281
3246
4967
12947
16575
4094
3471
16064
12539
3751
7977
11677
5015
12447
6117
10648
10249
7466
8070
8797
7916
9257
5225
2676
11833
1886
3351
3102
10059
7231
13483
9477
13182
3794
13282
10703
2415
4908
11017
8528
14204
5145
8535
9076
2449
6258
11719
3350
6881
7989
3550
8972
9170
10598
9529
13590
5162
9520
6182
9213
12010
14072
14000
8820
17259
12029
9205
8404
2056
12926
7449
7731
9234
8555
6984
1866
15352
8948
2532
10516
16043
8178
7498
6581
10887
8371
11850
6812
13343
8761
15310
10577
11607
11110
10077
5711
10098
2157
10961
17276
12110
3206
9762
6464
8885
8594
8838
10847
9103
7338
14783
3991
11335
1529
10136
9859
1712
13530
2954
18391
10617
9078
12945
8882
7519
7006
14097
8481
13830
5384
6761
5511
4358
10970
12171
11014
11960
1895
9037
6431
4501
1460
3708
11510
8960
16054
12124
4187
4739
8635
3784
9363
5524
15488
13638
6235
14883
15489
9416
15404
11038
7249
5966
13088
3637
9357
11621
10697
18730
15381
8395
9203
17092
16349
9216
14747
3136
12394
9946
10793
8898
2378
16717
13911
5724
7443
11354
12990
18958
13875
11340
3636
13039
10796
11021
10373
9521
6401
9869
8822
14105
18036
10420
7522
10372
18109
10569
8047
4085
5491
6644
9166
3412
9850
1345
4478
5779
10715
2352
7935
4411
8747
7927
9373
8792
12905
3522
15715
6411
12610
12130
13381
6940
6067
8922
8503
18837
12088
13528
13004
16595
9517
1372
17979
12732
11291
12639
16840
10718
14805
6580
2811
4694
1917
13469
12518
11021
13631
10618
3177
7463
7726
12567
4953
6719
4597
9590
9446
6802
4542
6264
4423
4911
7284
15057
16073
7046
1007
13059
7049
11986
10062
4570
14128
12234
6141
7179
12529
7456
4123
6486
4834
2626
7049
1244
3340
6989
3969
11159
8705
15567
14400
8900
12715
5842
12189
10093
4848
4221
14275
14528
16216
5311
7621
2822
7166
5947
2969
9641
11683
3443
3484
3849
11860
12904
10903
16455
9158
6527
12556
11732
9995
16382
9469
1319
6950
7019
13458
11304
5386
1311
9333
8092
12700
2329
6482
11455
5023
9106
11836
15934
6326
9698
7080
3948
11785
12097
11078
9429
7418
13159
17570
8925
12593
2887
8409
5384
7436
7137
8976
9767
9776
7820
10241
11533
2315
3951
9795
6282
8341
11708
9447
8172
7486
13542
19413
3653
10693
6875
5912
10659
3828
6175
11292
3686
9205
7802
1603
7546
9835
18150
14829
11742
4116
4459
11327
7287
9980
8960
14114
15088
8296
7376
13821
3355
8148
13069
7381
11235
13726
7993
2826
11378
2495
13767
14449
12798
5077
3374
13467
6174
13189
8202
10493
7835
8205
12943
18322
5352
12320
14954
12762
16019
6685
15576
15658
11037
9268
11753
4106
5978
9362
8150
14362
17004
9773
10611
10160
3116
389
6210
10833
8847
10517
11751
9544
3688
9340
10545
1786
8940
3875
8529
8021
4147
4389
16867
10795
9129
6924
6911
4516
8361
11518
10288
9819
12287
9721
8200
11060
3279
10137
11394
9429
1642
15650
10075
3834
8723
5607
11627
4505
12864
10689
6402
11547
11781
9592
16269
4481
3401
11310
2508
8382
12910
3599
16333
6734
2336
3044
8651
14940
12824
17309
1745
11303
13806
9599
3775
19057
5727
11284
3028
8308
8112
16399
5680
1817
10119
9187
11489
11225
9899
13768
4491
5063
5559
3723
10045
1905
5903
4915
8758
12429
8211
3974
17233
5580
14302
12953
6060
7635
11521
11335
11366
6375
9838
13214
4990
7969
17152
11608
10117
7721
17842
3316
2849
14544
10702
6894
10249
7020
13762
4918
7777
7404
13189
4883
11068
7576
18867
9604
17322
7149
17697
6055
4012
12465
8207
8543
12707
12147
11491
7593
17155
5292
5684
8077
5944
12926
11794
2623
19014
10497
6348
13634
3623
6953
1836
3539
4477
4274
7265
11945
6181
12227
7614
7598
14794
15020
9153
8167
15183
7536
10359
5526
9112
1471
8083
3697
15465
9366
9350
6635
5531
8194
7954
5640
10332
2939
15551
11965
2616
4320
16644
10247
8437
13535
6562
12538
12251
4981
18570
9056
17700
12991
7662
7094
5596
12054
7990
7610
8437
7378
8638
6390
955
4338
4416
17327
10578
5557
6212
8300
6582
5016
3015
796
14229
12818
18921
11024
10632
7721
2145
3386
8840
4363
15185
9348
4932
17292
9474
10122
6110
6482
8235
16214
3464
12055
4743
10544
7764
2143
15449
7410
7715
12736
12167
11506
8833
13717
3355
10886
17329
5667
10701
6726
6426
13172
8020
5222
7518
12598
7006
14895
4971
13968
16015
12507
12931
11637
1890
2585
8725
8954
11126
9003
10832
9400
14271
7244
6275
8184
10578
10849
2230
10883
1723
10195
8138
9126
5134
7608
6823
10252
9624
14701
14884
12331
17499
13079
2794
10624
11170
12990
15190
9388
9922
11360
3894
2996
2564
10061
10003
1453
12113
5722
4632
1898
16836
9158
7184
10946
9923
10160
2597
11023
13881
7892
5251
7412
5722
8561
8440
4135
7743
9149
10798
5158
3265
14913
14298
12031
9235
12758
13150
4646
10649
11131
9101
7813
11333
4457
14750
6163
10884
9129
3917
13600
12001
14492
8414
8804
12885
9131
12302
8728
2355
10001
10715
7452
8080
18898
13911
4813
17795
8799
4769
14147
10889
15917
13168
6428
9931
6972
7390
8984
8993
10349
11166
18522
12960
12621
13102
13676
8471
13124
9193
2929
7672
9008
8882
2442
6908
8394
13491
4362
1152
10608
9689
11406
11711
7285
16844
17628
1023
8853
9330
15339
14947
8665
13125
10542
9584
8051
12237
514
9113
5745
9192
9876
8904
11246
6248
2050
3148
4161
13897
9341
6550
15032
16225
8671
12257
12488
14323
17303
15044
16356
11158
7433
8160
1600
13872
8029
16865
11773
12384
4695
11185
8252
11596
4415
917
11121
5955
7858
17528
2221
16858
6147
2454
10038
10392
9551
3975
6908
6303
6704
11650
11600
4207
10951
4369
16171
12378
8010
1749
14900
7772
6434
9885
8165
12006
11436
7742
12806
12250
6466
14357
10491
2111
11114
4297
8995
11901
11226
6103
12148
12025
14431
8199
12482
5132
5853
7468
10412
9258
12344
18527
2366
11214
7721
11067
12693
15949
9101
10841
5776
9050
7361
7656
8434
1713
9955
11486
5722
5955
6270
9071
8884
10952
5564
6304
4349
2593
9134
13789
9343
14812
11829
13886
10884
5024
10758
10429
8869
5204
7624
1455
13618
18222
9886
11156
4128
8322
5365
15275
1386
6928
8495
3830
7877
7146
2160
5872
7776
9772
9594
8923
12694
7852
14117
7026
9936
6400
14968
10447
3875
12166
4177
13461
2883
14998
4581
1794
8973
16702
5924
1667
10018
15731
10575
14583
11773
10725
13655
12900
18578
10549
10676
7025
4797
8534
9528
16893
14830
10455
4410
12888
4723
11267
5040
4420
9273
9188
2605
15661
5899
9216
12721
7348
13003
10502
7984
4586
16366
789
5823
5164
5141
17763
14141
18202
17978
12976
18790
8416
8189
9657
7098
9046
6182
14606
9574
3804
8447
8380
10217
7877
5018
4628
7877
4650
14376
2341
885
7847
9791
10327
8816
16278
15305
17070
18745
8659
1602
5102
8117
4573
13690
6397
8755
10240
11196
11107
9299
7977
3665
14905
1650
8716
7425
11686
972
12721
13060
8218
8892
10064
10300
4157
17363
7285
12183
9362
7838
6462
9955
1303
9331
7087
2033
12559
13588
13853
7850
9494
3636
10483
9032
4070
11633
10628
15974
6743
16399
11123
10035
16607
11329
16165
14657
3890
9231
11629
8948
12574
4341
8583
9785
4942
8595
10111
9939
4958
11732
889
6781
6461
6422
7886
9079
7667
16651
9509
11682
6144
11480
2528
12565
9611
13227
10605
702
7161
10515
7339
3900
6664
10698
7617
10920
2649
5868
15955
17258
15765
11317
5943
3794
13086
6528
6832
4751
5705
11412
10683
14682
16641
8800
11484
7664
6929
9291
3230
9892
15338
2418
10592
11510
16392
10792
10450
15276
7808
5789
6019
10496
14319
8448
9064
11264
9273
1807
7201
2020
13666
9245
10822
11358
15866
11992
2861
4503
18576
3671
8915
9242
12166
7591
15122
5504
9046
8359
3437
9925
12268
2159
470
14618
6196
10577
14521
11995
9091
14224
8525
13076
13003
9504
16159
13009
10465
8477
12097
19542
4063
9707
11815
11531
9664
643
6438
8028
10495
3633
11223
7740
8055
8311
7334
5744
10469
13568
11230
9281
10544
15012
12348
6764
3678
4960
6578
3581
8050
13724
9504
4440
5372
3851
10206
5428
11860
10201
8806
13124
4380
11386
10315
12646
17488
11836
14512
7624
8550
10704
7861
9184
2427
11362
10632
5271
13376
8853
5350
6075
9626
10361
3099
7610
6181
17678
18575
10136
1725
9184
9844
9720
12521
13277
4290
7164
11263
8339
12127
5336
8444
17541
4143
9907
14110
13760
6769
4561
4818
14880
9021
14185
7336
13651
17164
13717
4693
9525
11379
1331
1352
6285
8606
11167
8524
10587
6781
4905
11367
10135
10395
3000
7320
732
5442
11455
3278
10452
6879
8333
3883
12136
3641
6368
6967
7821
14662
7542
8475
11933
16206
10521
2741
8437
6136
2623
3544
5011
14175
13808
12279
11941
9737
10726
9495
8503
15715
12624
8991
9364
9722
2746
13665
1487
7909
7042
8737
8682
10013
5437
14242
10620
9903
13547
8455
6757
17947
8814
9418
6185
6873
9565
2236
6069
1256
11657
5126
8718
14616
8102
6564
6235
3849
7590
8688
9723
7742
8210
10933
10185
4862
13900
11025
6280
12468
8127
5519
16020
14976
8327
11597
7391
1010
13606
12871
11903
13755
8292
7442
3947
9493
8697
8540
4482
9745
9318
12017
10206
16399
14891
7244
18507
4940
10978
11201
11382
12030
18515
18010
5631
536
9899
14295
9845
10316
8837
2988
14349
5941
10475
9014
9260
4978
9203
14200
6054
10644
13586
6555
11541
9363
5281
7179
10123
7496
10724
4941
4581
12878
16941
18998
7710
10700
9150
9626
9314
10374
7268
2630
13977
3403
7833
17557
7835
13213
8789
14214
16002
6634
7797
6980
4432
6957
8951
16269
1774
9546
11486
4892
16658
14502
10715
12874
1156
4640
9600
11608
5139
13713
9410
1851
12081
13461
8273
14897
8766
8822
8920
10034
6709
4133
4880
8997
10984
10551
10928
11250
3071
15134
17758
6596
10316
10501
11841
6081
8346
11232
11482
5995
578
3336
6328
5971
12235
11713
6147
2429
8654
7366
14787
8127
10631
7195
10485
14215
3193
11352
3771
7330
9235
6715
12187
11296
4638
5974
5988
7970
9343
9795
14883
10621
8181
17208
10778
11193
4366
9880
8302
8827
6865
6110
4967
7220
9001
8217
6861
10751
16628
11549
9520
12158
8561
3093
14350
15426
15277
14081
10493
12754
6527
5702
8978
7828
8576
8787
9048
7455
1684
9354
12294
8220
10848
14829
2622
17332
3191
8237
5168
11090
5761
4392
6540
13899
8482
9939
14366
4367
8784
11610
5821
5504
6976
1970
8826
10614
11265
9646
6651
15205
16555
1550
8315
11171
18135
5847
2955
10917
5179
8925
18048
951
7712
10142
2732
15971
16695
6056
6261
11099
8749
5248
12888
15018
5366
1601
9414
12387
6808
7321
15501
4342
9899
11591
6442
3665
4162
15595
6528
12602
7830
5213
4636
8369
9197
14657
8611
17946
5866
1990
7873
6268
5534
9123
7757
7296
7315
11878
14995
9288
4284
14381
5768
15807
10195
1796
7141
8079
5601
7622
15168
3022
17941
2227
17245
13679
13012
11866
9406
10831
10029
5256
1889
1129
10982
5743
7947
14058
4310
5883
10872
7096
14692
10142
15492
7395
5402
6466
14669
5377
5541
11591
8615
5883
9458
7421
10639
10106
9110
3777
12768
12763
6146
14633
11855
5744
8035
13890
12267
4881
10219
16000
7761
14249
8504
3678
13124
5328
12033
7021
12689
9817
2003
14451
13562
12545
10906
1486
1038
9003
9974
18150
12650
9089
3308
11505
13973
590
6134
6730
5341
13111
4573
15244
10374
9427
9540
5810
9606
7843
11546
4414
11527
6848
10168
10203
9230
1372
2814
9218
2463
4004
7865
8871
13284
7416
11604
1689
17706
1947
9369
4998
4829
2213
14617
1863
12093
7410
7614
8870
2380
1621
9345
1363
1961
11590
11709
3600
9762
6556
13203
11935
11093
8313
6188
7424
2272
15446
8702
3020
16320
14726
5984
16059
12243
13836
3789
13750
5179
2550
6563
11929
3913
15283
7586
14372
11468
11919
17137
15294
4134
13737
8306
11761
7568
12446
9639
10441
11061
14694
5216
1955
3017
3602
10697
13573
9126
10676
8619
6806
10653
11681
9227
4026
5873
2604
4945
2079
7959
4823
5722
10153
7957
8308
8303
2223
6073
8173
11511
9549
3412
7496
10767
1021
9642
7418
11083
11509
14589
9764
3033
10476
7894
11407
6513
14271
9355
3559
5392
7774
4687
11622
836
1908
3782
6364
15836
16628
5536
8323
11172
3451
15462
3265
2343
11802
9723
13668
6671
2720
11270
4971
2376
14976
16954
8843
6787
2869
7045
10490
11807
6097
2573
10443
12759
5856
2109
9842
7594
11040
15495
11988
1118
3201
8450
10260
10999
2761
8228
9033
12728
1925
6855
15960
8402
7249
8022
11575
8702
14371
11240
3236
7134
8988
14395
10864
10257
9891
12003
3042
9698
7370
6142
4552
8274
12182
5087
4869
9857
2919
7719
10999
3128
10106
4228
14809
11852
8064
7578
9998
9948
5945
6101
8131
6462
14265
12607
4578
2130
14250
2397
315
9578
2699
4935
10711
7020
14535
19589
17567
12364
12653
2914
5083
4748
11850
8150
5722
5271
7141
12092
13914
8278
16195
16109
5815
9787
11798
8768
5313
8506
11944
11342
9382
13174
6340
11882
1066
4227
3959
17064
11680
5645
7497
12620
9866
7588
1705
9685
8660
10967
15287
19168
8610
5057
6305
3452
1738
9775
13288
13824
10167
17499
11899
10515
9083
10471
2674
5587
10932
6703
6179
13791
10002
4427
7706
4950
2459
8046
5165
7819
14459
15775
8170
9133
15496
7932
14719
6979
1304
9466
14153
9132
2967
7643
15500
7451
9045
8843
3026
11194
2061
6262
12422
1312
18319
7400
13580
8048
10130
6554
6717
15574
13392
6656
7435
6610
11157
14619
4210
8320
2786
11596
6978
6970
5665
12868
4168
15537
9652
11215
9396
10587
6097
11911
12678
10389
8117
1784
13013
5747
432
10970
11527
14082
6846
7411
1450
12556
6252
6135
12192
10112
14848
14698
6607
5660
11301
6856
11784
2954
6436
10689
15380
10817
11258
1223
11930
10266
2937
8707
7591
11244
12370
6844
5110
5124
8897
13284
10451
10593
15776
8530
8328
8458
11228
9370
2864
11367
14423
8128
7068
6920
1940
9914
1329
7644
12373
6119
1299
17890
9081
9172
4044
1509
11412
4363
18522
6826
2945
17843
3447
10213
8764
15935
5846
5629
10936
4841
16423
4324
14951
4294
8460
11008
16650
10262
10321
6202
2495
5930
13430
1113
7023
11262
806
4710
12802
4553
7320
9471
5552
8788
6842
11659
9872
2600
12690
15177
9822
10342
8499
7858
9903
13119
4476
14216
13225
10908
2995
16391
11557
5232
13094
11721
5133
17162
6318
4836
13024
5036
9141
6436
15827
17577
6118
6247
11854
19351
10049
13520
9088
8102
5685
2280
7551
14215
11913
11647
12543
2377
4594
7224
8797
7165
5541
8370
12297
10440
8778
4383
8999
19088
3846
2783
3588
7506
13654
6319
11031
1720
10877
8467
7503
8374
8824
4989
9134
9558
14920
2795
8138
14103
9094
14579
5969
7513
860
7146
15793
6754
5276
627
7568
9274
1541
14282
10462
6983
13477
5229
4162
12665
9889
2015
16300
7090
8118
4074
7418
12511
14164
4138
17920
15879
3121
2487
18502
8357
8480
5853
2641
15713
5741
3639
10064
14914
15144
16282
13463
9799
10760
9448
7381
10369
11895
12262
11170
14787
9517
10187
7832
4281
2320
10651
9083
10201
5044
6664
7524
10183
8215
15351
14293
11567
12598
11056
8832
3844
10398
4269
7247
18750
9966
9841
15500
10274
8681
5398
9434
10352
4453
17908
5422
12455
4696
6835
7670
10381
8860
7853
4146
4246
7476
7131
6093
6735
10354
5537
1506
7471
5092
16929
4230
18117
5270
7525
8964
10738
12006
5602
12764
1687
7800
15612
3960
10500
9010
2359
11915
4778
11101
6834
8570
8739
14401
8961
5407
9052
9570
8702
10608
5223
10874
7056
9613
10140
7799
6835
11857
8504
10810
10437
12948
7521
12290
7251
1214
7726
17094
6050
8884
10377
10521
17170
17509
11329
7155
1113
5507
1543
15827
10033
4388
10820
6312
7098
5028
4927
12964
12683
5187
8199
4547
1797
15963
9131
3351
6030
9852
12936
2599
7396
16917
2144
10833
8544
5897
18462
5950
4689
16091
14495
10911
11079
4954
4335
6110
7088
5535
3872
5944
7185
12698
8995
4853
6391
14383
7070
9827
11517
18753
3947
2277
9618
6136
6717
6351
2811
17303
9896
2638
7494
10420
12752
8568
6604
13323
11064
3671
8399
12285
6613
9971
6815
14722
1820
17128
7700
10114
12202
11096
2613
8008
1346
11450
4773
8346
6110
17698
8218
7223
5166
6220
8472
11708
4409
3363
5010
8509
7414
10392
4648
13204
12175
9267
10232
5141
7515
5710
11136
10732
9605
11170
1394
7749
1993
9735
10867
2293
10766
7971
7956
5247
15839
8692
4039
15195
5248
2083
3940
13540
13245
8907
17030
9682
17628
14495
10050
7951
10808
2992
12030
9991
9517
10006
12825
10369
9759
8162
9889
10677
10563
8320
17281
5461
8247
17498
12738
8780
8317
13996
10447
8145
12195
14078
4867
9524
10599
7433
11610
13412
4754
6140
13517
11089
15767
3602
8983
10562
9254
15003
10786
8713
6219
2477
12747
6097
7002
12498
10336
8436
11519
12125
18024
3136
4176
10453
10911
7318
11681
3001
5332
8121
253
9932
6119
9784
10427
17507
8271
8891
13052
6386
7775
9597
15339
16459
7000
10207
5060
13984
3308
13922
6286
1330
12791
12572
7394
9854
6133
10259
2126
12473
3258
12564
4408
9261
7483
14342
12083
7661
14488
16451
9064
11137
12108
11516
6682
10434
8872
8699
4008
14669
9462
5808
11892
8729
4649
7171
10060
4058
9532
3128
1361
8508
8467
9083
9571
2420
2503
10647
8761
7148
5808
1160
16174
13921
5111
8798
11969
11311
16843
5652
16385
9324
13193
13896
14094
6364
3191
8608
15481
5825
6160
11701
12042
4417
10324
10707
4178
4046
12388
7448
8644
11161
2618
9331
9404
9582
12306
3896
5260
6479
10146
8126
8116
9175
6937
15842
10671
11470
10620
5720
19516
12508
12861
18056
11876
11819
8984
7513
5911
3695
15023
15791
16388
7952
14069
8386
10054
2140
3277
5831
4469
7759
10789
5155
13550
2517
16185
6799
3113
2633
4156
17426
10808
9461
7084
13562
8693
10504
12830
7133
11408
10293
2485
10756
11551
15753
11808
2658
3214
13310
5412
17387
14685
3036
7119
6222
3113
7464
6452
12626
8300
13776
14036
14056
10981
8840
10649
7453
9611
2936
9717
5265
4813
8804
7241
1800
14955
11215
4930
10347
11217
10516
11148
5596
6331
11153
6948
16091
7339
5512
6633
9976
10577
10264
14256
11593
5108
10654
4111
14488
11758
8107
1992
10502
10031
10921
6671
8196
10771
10534
13154
1375
8254
7299
3081
16643
1847
18247
5632
4447
2605
12402
1638
5964
8103
8064
4754
9439
14358
9890
10369
8190
8473
16295
8981
11478
10266
17584
10582
14250
10079
14406
7985
6777
8713
6334
2218
4376
3019
5166
3795
9162
4990
6854
8716
6104
11470
3721
9728
4133
5473
12871
14033
8309
9852
10092
10338
19268
19282
6782
10995
9793
18529
6803
10197
9917
4704
16761
18587
10270
5817
10835
12011
5971
17583
13003
9367
2185
15100
12195
8330
3429
10186
10011
13997
11296
5502
10791
2772
10190
15296
10354
3629
4275
13904
5008
11210
4802
7620
7712
11721
12794
11578
8789
9683
12221
4858
10456
3706
12782
8660
8157
6662
9095
3207
10648
8550
3454
9770
4624
11875
7966
10010
7483
8475
10512
8174
3319
8719
9111
11276
8503
9141
16626
8895
7558
8391
5851
8266
9703
4199
12505
14039
5594
10574
4027
16950
5615
13522
5571
9881
12241
3342
14733
7067
9783
2704
1875
1508
7789
12539
12365
3840
7649
14969
6653
3419
9795
6300
11738
10929
5451
3600
7103
6092
5907
7607
8919
8343
17195
12237
6813
8787
4046
13871
12110
2701
11018
13305
7661
6121
11492
7591
6995
7257
9695
7376
13594
9166
10962
9678
4003
10324
12506
17451
14528
1791
10835
5521
10048
9575
8742
12715
10654
12790
985
10983
8575
3629
7430
12759
13946
3697
4157
5140
9335
5677
7978
5667
4475
5033
8673
10521
8804
4195
11126
2506
8164
8685
3076
8114
2116
8038
18750
6037
9481
12747
11241
12304
11150
4893
10804
8280
5932
10584
7918
13087
5270
7203
8269
8117
9712
4019
11072
7593
6840
6519
7610
1453
3387
8016
12483
18369
16530
12100
14327
12388
11683
11999
9191
13669
8028
11305
7595
13210
10683
8732
13228
5268
8194
10111
5028
16562
10939
9051
5051
10823
4937
10260
11637
4648
5607
17401
3769
8907
6449
7380
8813
17400
12888
12207
3024
3479
470
13339
2957
9853
14845
5461
11156
4342
16365
6598
3008
3686
4651
16016
12430
13923
16322
11911
8421
10874
14882
5294
11502
9192
1287
16902
8100
1516
4117
4822
6131
2593
1059
6715
6736
12516
6084
6761
14082
16712
2898
5745
10726
6955
2238
6250
12455
13726
11587
13907
10950
11000
1363
1985
6331
17734
4644
6485
5311
4529
13318
12788
2845
13923
10614
5774
8232
14632
10554
9240
10070
2340
1778
2881
11810
4065
6197
10771
8557
7881
6065
11324
10187
17094
2454
6761
9242
13062
6647
14139
9275
5230
6181
14868
7068
4078
13792
6927
8248
13574
19064
8258
11343
12902
1314
14058
10163
9403
6115
8648
9747
10847
5536
14026
6767
4351
17418
10831
7698
15389
16279
10734
3082
10246
3109
4600
7237
14099
14545
8915
517
9853
8521
12990
16897
10747
9641
6302
13261
17068
9172
11321
1716
8676
5533
5205
9585
10148
9119
9194
7426
2934
5657
6110
18301
4024
9808
7944
13698
6645
8447
17173
8682
1553
6327
8051
13789
18079
14566
15253
4460
4277
8360
7633
9292
2680
9375
12477
5779
13378
11876
10679
8306
15493
10275
3656
908
15372
6900
11667
13566
4355
8423
9173
10502
10072
13550
4905
8988
6964
7239
11390
11790
12027
6842
8164
5203
9244
5671
11969
10472
6558
6117
9365
3963
13045
8127
2485
9348
12805
6286
17533
2567
4562
11661
7061
16491
14761
10698
11098
5859
6960
8403
12619
6397
14950
18467
2496
11623
9424
4065
4880
12698
10621
6946
6895
11958
5800
11497
9082
1295
7119
11099
2016
10806
8106
8946
14485
8940
6681
5173
5385
9555
13388
9077
8178
14402
7538
7395
14667
8887
9217
11241
8196
12015
10717
6936
2276
10489
9099
6981
9529
9544
11600
7909
11186
19210
12202
6193
8647
10967
7380
2322
8335
7473
11293
7078
15330
10570
12496
4355
8046
1279
9773
8070
10154
11435
13911
6754
2823
8074
12554
15724
13359
15721
11250
14184
5850
5855
8067
17366
17667
7230
552
10511
5508
3371
6953
9836
6051
7648
7397
8758
13522
4027
8066
2895
7181
6596
8623
6064
980
5664
7138
8052
6197
13004
6856
11019
3232
12292
5017
2035
8747
7584
1341
9557
12147
10729
10932
7813
11703
9850
13081
3043
18411
17649
9538
4776
8762
7795
14568
5196
5551
5679
13760
4003
9900
17702
11697
3837
8265
2891
9640
18732
11546
10143
13123
8061
7389
9533
9898
6661
475
16343
10541
4996
3144
16985
13432
5843
1809
8169
2167
11430
8890
6426
10362
2786
3886
7181
3895
16454
5672
9531
12608
15607
18123
16770
10671
9170
8080
2751
6590
4520
11542
8650
5932
13580
9230
8583
9280
13477
6677
9032
11087
17944
9737
12939
9746
11870
12594
8504
1661
6108
10725
7184
5165
15257
9548
12804
10514
14120
8399
8755
15233
12077
11952
5373
14043
2489
7825
14448
11998
5352
9036
9471
12266
9963
1894
13772
6354
12521
12973
14493
12926
3805
6304
18262
2709
868
6991
8535
3234
7802
8356
10074
3355
8611
12548
10416
11548
2160
4208
10034
5296
11677
17014
11222
6549
16297
3593
9862
8814
7415
9154
8819
11146
17154
7915
9654
9285
7671
5828
9804
10251
13402
17086
8289
15717
3671
15656
3104
9827
10801
9247
3944
5590
5265
7373
6322
7716
7146
8753
8115
12345
6023
11898
12156
6292
3208
6669
10061
5252
15564
12448
4664
8618
12351
7381
6473
16388
7517
5259
3554
7682
10552
8922
9870
7668
11877
7916
11258
8075
14255
14865
11943
11325
9685
2974
1513
14014
2616
9596
4573
7199
14591
715
14770
10087
8340
1151
7301
7843
14923
11898
11334
13700
6115
10821
15100
11288
622
6096
7397
2684
6763
9961
15635
11865
7886
8195
3837
14329
12881
7312
8138
10112
7640
4450
3285
910
10396
14026
9167
13064
3427
9949
5864
1677
10936
1987
16338
8197
15521
1662
14103
7905
10211
16071
8419
5033
11489
8607
8698
15428
10403
12008
9281
12978
3528
14567
8952
1579
3868
11665
18192
10385
9482
14313
7799
9409
5805
14267
8292
9753
3313
11293
12181
19418
9664
17476
13557
11832
18242
6958
7790
15682
7592
10506
7794
6634
4132
4322
12945
6280
11302
6320
10093
1956
3139
12931
4459
7137
19143
15958
11149
7267
10205
3476
14559
3394
10500
8813
7831
15407
585
13380
1620
17354
4906
588
4132
4210
14474
9924
3082
11103
9177
6026
4059
12474
11844
13695
8761
8202
9455
14678
15863
2759
10638
12212
4954
8755
9700
10285
8792
6814
8788
3238
6978
6593
8803
14885
8172
9761
6420
7225
13373
4349
5951
14801
7921
5586
1329
2771
4353
14095
13499
5797
6419
6930
16191
18159
9396
9734
3568
2600
6179
15393
3080
10834
10550
5028
6201
7273
8969
3312
2253
9346
3792
7699
7027
9422
7389
9473
4460
7083
7525
1009
17852
5485
3964
10250
2752
11552
2306
3687
9720
3628
1137
4979
1160
9625
6023
6992
10241
812
7213
5731
11340
8931
14217
13890
6193
12352
14711
6199
8303
17121
6999
6119
7219
8178
10276
7523
7228
1988
10154
14871
7090
10005
9490
9834
7842
5439
4044
8311
10946
3558
7336
15559
16438
11573
7223
17432
16022
17804
12119
8539
2603
10972
11454
9795
13660
8061
7194
1676
10940
12725
14271
1596
10958
9212
13814
3301
2902
12107
8969
11234
7925
7857
7294
7729
13468
2240
12645
16275
13425
11107
4376
9475
16118
10362
10699
13622
11872
15523
6772
10020
9845
8675
6308
15008
16727
10107
7105
9380
11469
12937
7585
9134
10393
7909
7404
12259
8964
10645
9037
9024
12720
5878
13694
6109
5450
7140
11608
1529
16664
13206
5969
6408
8939
9132
2555
13634
7043
10680
9202
19048
15972
1224
9296
18350
16917
9300
1586
7484
10155
12172
6550
6619
7584
7174
7971
9016
9166
4756
6593
7212
9791
8173
10946
14072
3489
10666
11743
14078
8462
2754
9430
4748
9390
4156
9369
10263
12987
7421
13350
9858
7294
6745
14350
10520
6418
2278
11218
10775
12747
15505
9642
6498
6365
14287
12323
15532
8346
6354
3333
10001
9844
12224
17442
8955
11153
1558
11638
13948
7518
3708
15365
10428
14845
4235
1244
3458
4488
17125
7279
7828
11668
18240
7610
13166
1277
11856
14004
13253
13282
12175
9205
3996
7601
17197
10435
6931
8595
4593
15431
5804
6183
3363
9691
4693
5973
10215
5761
1489
11406
8704
5894
11794
10630
8170
5621
10867
8956
10039
10015
9759
2449
3188
9115
5324
12383
9217
11449
12643
13441
7821
14519
9696
5721
1406
8137
18495
15720
2509
11824
3895
16468
9090
2979
5827
12064
13849
5771
10259
13490
11117
10684
3586
17465
7499
10008
12654
9405
5152
8678
2792
7936
9214
10999
5259
8856
4693
9044
7920
8034
8630
8956
3344
16765
9964
1708
8938
5765
5982
10113
14650
7336
6974
7164
7589
11131
8831
13222
9891
13668
8641
8872
5178
7909
4174
8011
8147
503
10071
3546
3277
6014
9798
19452
6595
16588
8924
8237
1932
6666
12135
1849
10376
3256
11391
14466
10699
2790
3560
10940
9356
4967
8892
15816
14654
14451
10066
9144
3592
15833
7292
13935
7789
11137
5519
11180
13057
6633
10300
7684
8449
7452
8858
9110
4635
7421
6004
7395
9484
8012
5808
16110
8384
12024
12532
4085
15932
2112
9558
9068
6433
1663
4813
6914
13049
9171
10942
6042
7641
11302
6534
11636
10820
15471
7243
9601
13656
7700
17364
9308
1130
7373
13579
6887
7076
5125
8893
15353
2590
12985
5482
5891
2512
14398
2269
4358
11576
11655
5352
9247
9809
5034
8740
937
1583
5809
4717
3897
14874
7755
3765
11894
4535
12049
10408
14945
9428
7281
15630
15786
15402
10676
10380
11750
10415
4627
11166
5573
7089
17353
7401
10536
4924
10115
10600
12728
11216
4918
13351
5321
5111
5731
6851
12645
13685
5365
11734
5386
11651
9440
4359
6025
14748
7911
5591
5542
5687
6804
10478
5760
16607
12787
2775
8625
3080
8557
8865
15975
13225
7003
8336
7225
11159
8201
7991
1182
15254
5351
15798
2887
6113
8688
9229
9233
9947
4206
9965
9180
5883
11648
8095
12681
9665
9792
9420
14647
15645
11517
13895
6873
5166
8906
3915
15075
10075
9023
9819
10538
6375
14426
9046
8217
1826
14340
8000
7965
8195
10444
5795
10135
10499
10374
1316
14619
11751
13434
9683
16903
8164
5701
5617
5657
10770
9369
7748
11434
16724
15007
16328
4555
13385
2474
4786
8589
9220
8617
10021
14072
8096
13024
5108
8912
8220
4644
12892
14387
3271
3526
14239
12251
2895
3611
9634
5093
7071
2538
6023
1468
10496
14324
4059
11958
9798
3572
12914
5287
12409
492
14198
9510
12561
12194
5095
12048
5599
2708
2138
9722
7548
9156
4997
10189
11637
7545
5416
7306
15209
6311
12902
14827
6076
17502
11235
4382
12283
1434
8265
10690
16283
6235
7528
1031
1635
8306
7837
4861
4720
2804
1661
8022
19619
619
8386
5972
9318
7688
11191
5005
15860
8561
10641
7835
7503
10764
4087
5670
2119
18807
16943
11090
17938
8275
5615
9416
9714
9382
3989
11302
4034
8275
12572
2782
4648
4110
11580
13700
12018
15879
12611
12400
12413
6276
8143
8401
9972
1460
2333
18317
9818
11411
4782
13727
4608
13395
12688
15172
10298
2467
13399
11339
11372
7322
11955
2349
13825
8289
2467
12850
11249
7179
15539
12500
6903
15192
3429
5246
7897
3793
4214
7502
14218
3963
18734
4621
9620
12639
12758
5944
10106
2501
4135
11464
16103
7437
9138
16379
7231
13445
10313
6342
4388
3170
11561
10149
14247
4827
11511
16673
12700
3803
5815
4171
9710
4399
10948
3196
11636
2754
14591
17607
10486
1932
13914
5306
14207
13065
14290
1045
5180
14956
15358
9264
6862
4412
7128
5351
10025
9616
6791
3536
8779
14422
4497
9027
11724
14576
11388
6635
7254
6731
1829
2155
14700
11483
10565
7391
7120
5085
9686
13729
14491
15894
11078
3171
12070
13428
12182
8008
8673
7220
6375
10528
7750
8577
7309
13425
10176
11895
1581
2206
4528
5628
9799
17212
18737
10909
8561
12292
13926
9842
11698
2221
4809
8006
8170
5227
10675
6158
722
10961
3166
10433
11469
3641
7919
7949
11021
3178
7234
10887
8268
14204
3955
3471
10135
3853
12594
2912
2400
17168
6007
9975
13442
2736
13500
7400
6719
190
13702
8295
12056
4747
9458
10320
11189
6342
11249
11656
14113
11859
4697
11253
6956
12448
5761
2214
4111
14218
8894
5726
8290
7991
6463
11932
14082
6821
11506
5284
13911
5133
18660
6803
8815
13890
17020
9409
10656
12095
11658
8807
12910
9246
10058
8994
10308
13804
10425
7603
5339
11629
4945
4318
6532
8117
10961
5395
7086
3371
8368
15571
5809
5889
3751
9617
9167
9699
9945
10811
10559
15160
13411
7853
10612
9718
10482
3967
9026
8783
7580
9298
13611
9965
14924
3316
9723
10255
5528
13088
4383
7898
15376
1960
9463
14004
8889
3617
3652
10217
6900
12682
9935
9575
10092
5599
6516
16219
3882
9922
5783
2992
13574
1877
11774
14130
8285
13196
5614
5310
11356
6780
7726
8579
5227
4270
11848
6113
11609
1201
11907
10305
12063
11232
9994
8260
3167
3740
5234
9947
13943
9298
7513
6859
8063
12428
11371
5073
16825
5328
936
3125
10062
11936
10767
1935
11893
8022
2873
7525
13457
8953
1305
6126
11976
6566
9889
5270
10290
8412
5080
9239
8638
14861
9431
7238
5956
10967
2370
17160
4132
10706
11103
14150
9299
10651
2093
3127
5643
10505
9102
11219
2374
17230
7602
7753
13631
6456
3314
6690
11048
4084
4970
13007
10528
9691
14364
13480
1818
14519
13932
9034
9890
7980
9097
18570
13746
10886
9212
10730
9409
3892
2678
7890
12899
10578
8513
11668
4507
7894
10430
13174
5016
8408
6008
1597
15287
10783
7961
13220
10628
10302
5620
8896
6543
16679
6482
1171
7148
9119
11014
11208
4955
7433
11764
8230
9468
12090
16618
15032
1603
2364
2899
8374
13556
5917
9764
6710
3805
9199
12914
10765
14925
11061
15351
1643
6332
10562
9634
13253
10832
7783
3408
2105
10904
2651
12720
15459
11721
9587
15644
15547
12110
6168
10200
6213
14087
8024
6541
7601
4117
6637
15707
12731
14286
4825
12057
18291
15493
15488
15404
5494
8629
8880
6405
14093
8573
8916
4982
11514
4347
2181
3696
8590
4485
4285
7810
9713
9393
7372
5613
8222
7244
10941
6981
12218
5488
8285
15022
13685
9455
9847
11909
5094
10644
4574
7662
13603
11822
9256
8864
2051
7642
15386
9635
9479
7031
6769
10832
14446
2531
8408
11144
5270
11212
3424
7599
9428
8977
13217
5928
10464
3847
2308
8438
6737
8277
6713
1101
14500
3026
5043
3460
10690
1196
5421
6813
1064
12422
5227
5948
3819
6200
11129
5399
17432
16211
11942
9166
5072
4843
10402
4272
17555
4258
2828
6775
7900
4641
12863
9410
13229
11056
4829
6774
3298
2736
17992
10746
10053
18516
9525
13931
18807
7620
9895
17807
1272
13638
13820
9764
9464
6016
5815
4065
7948
9021
13927
6343
13501
5026
1016
2335
10867
11021
5851
9139
11885
9107
13445
7121
5998
8693
8864
5113
5748
11463
7419
11558
5514
6435
11749
11784
4713
10153
13311
5911
9161
10203
13450
16145
9442
1337
12279
8434
12482
11723
8782
5804
6705
8309
6947
14209
6929
7367
10226
7856
4442
9948
940
10452
17925
9571
7732
9153
5711
4109
10050
2935
8493
8685
3350
9372
8779
13651
8937
3740
10974
2797
16756
7404
8301
9499
7800
2587
14001
15804
5927
8758
8324
17306
12807
7800
1791
13989
10895
707
9690
4930
8033
10149
611
7649
4334
14174
12281
3129
9044
7435
10277
8089
3947
5290
11331
4021
3782
12737
1100
10844
16876
2924
14467
18047
5421
7815
12704
8428
9441
13904
12179
9090
10281
15771
4835
9464
3363
13911
6217
12485
13957
14252
5161
3728
6216
14472
10587
9667
8245
8243
8028
7412
5522
12661
5346
8544
13340
15657
4968
12205
3185
10104
16540
8779
4545
18121
8163
2471
9470
8336
6152
1526
8533
9153
2279
2798
9675
6286
11331
8609
10046
10399
2185
11239
10966
10471
4853
5803
10975
14139
7124
10498
12575
9746
18865
16816
7190
6492
6056
7939
8223
10483
5657
2486
8723
4872
9372
7304
9125
8397
14292
10334
12161
14928
17511
2763
4558
7796
17585
4176
6994
15617
13350
8762
11819
15800
3375
7430
9166
2290
7118
6706
14823
6012
10878
1161
7788
12064
10351
9931
8028
9272
15455
10257
7658
12032
14842
11407
9788
18217
7094
6217
14043
11467
11314
2083
4446
3233
9396
12590
8122
14999
9919
9929
9564
11366
12351
5456
14035
4107
5909
7676
14062
6127
9582
11671
13556
6278
13623
4987
3367
7653
9113
11335
9920
8632
11995
6053
15096
17161
7606
12215
5061
8591
9155
3115
12924
15596
9729
7896
19711
6078
4209
11253
3375
13816
13181
12859
11370
13249
9987
7037
16444
16033
14866
9661
12485
9032
6396
12612
11348
15765
4156
11358
4731
2654
1945
5348
9546
4766
11696
12977
11044
4634
10139
5152
6284
10760
9047
6678
10269
8093
4123
19560
10753
4781
12945
5633
19357
15365
9789
6194
5087
14516
3762
6720
9502
5193
12978
4497
11871
10278
9791
13589
10524
10765
12632
6631
7691
12122
3718
9207
19295
13582
8781
8658
4831
8314
9724
14928
7535
17787
5190
8627
5519
7297
10798
8101
15955
3648
11190
2946
11590
13074
12789
10800
10143
9817
4343
6047
15425
4496
4745
2542
12102
3452
13744
12934
13611
13377
18239
12018
9241
11913
4626
1990
8757
14361
6292
7018
2259
4343
9444
17492
6812
9623
6436
12096
11186
2225
15730
9340
2633
11328
8076
4290
3350
5437
9108
15963
12972
12070
7226
13021
3985
9376
19286
5010
7934
12069
9673
17733
6870
7941
9316
3037
10148
12660
14594
12160
1353
10072
12610
12568
8097
10380
5350
11211
8496
5485
3926
18243
6426
13058
8803
13115
13474
5913
8149
11630
4660
8259
9542
9418
1136
6192
14027
10956
14955
8741
14309
7829
8450
9801
4604
5342
9208
11704
9203
8687
1853
1856
12587
8715
10038
14970
17913
9417
13114
15029
6561
11536
10431
6348
16329
12975
8243
10536
11189
7349
6005
17797
19475
9368
11312
11351
10664
8732
3185
9618
9413
10705
8884
17059
4625
4027
3070
5734
13251
15761
14737
8819
16085
8870
10768
15364
12941
16428
14512
5088
13262
8614
9094
13213
4827
10655
11617
7947
17226
9850
13035
3898
13571
12180
4958
12255
13623
6241
10701
14713
10886
15022
10556
10150
9604
9667
3933
7018
7837
9285
11389
7125
4676
8627
8474
11490
13113
7007
3081
12816
6890
14582
13514
15401
15446
10637
9876
5319
15672
4110
2388
10642
12080
6851
8781
1495
7814
2194
10701
16926
15521
11529
7283
4487
14868
17314
10945
4006
12205
6514
15340
8455
5920
16868
12803
12751
14232
461
12061
9710
10871
18139
13393
4521
14668
9162
7800
16040
5530
2062
5369
18953
4888
5928
3537
5501
11779
9915
15742
16589
7700
10720
14354
12654
7184
16137
6399
18672
6568
11857
11726
9672
13923
10805
8312
6376
3438
8317
9159
15530
3288
14224
10796
4460
9008
9938
6543
12767
6759
10641
13978
5887
4889
4273
10214
17170
4207
6493
4061
2582
9908
11186
13948
18871
7327
14898
10234
3489
10729
9108
8065
11157
10166
10097
6092
11478
13475
10796
5610
9648
9962
7876
3020
8249
15106
9903
5690
17660
9081
19254
6477
2063
11638
5383
1291
8182
13290
8460
15982
3544
12278
11829
1133
4915
12975
11806
3051
7482
9741
9662
11790
4167
13789
12329
13320
14335
2901
15212
9103
11661
13063
2247
8953
12670
4176
10326
14136
6934
6550
15080
10571
14586
7608
6533
8914
4504
7323
16176
2812
8307
5324
18209
15033
4384
10229
11168
12209
1317
9032
17877
11258
4947
9478
8976
9947
10124
8296
10229
5654
11658
6102
5429
2678
7412
4617
13240
8776
9058
7950
15599
17547
7804
8856
15754
5394
7752
4673
5212
2128
3336
11887
16373
16986
9398
6813
17661
12508
10301
12602
8598
7587
5174
4117
15727
8967
7406
17398
10536
7555
9731
2937
1852
11773
9077
11551
8556
7532
9156
9928
1559
4385
9903
6097
9385
13399
6701
10823
5261
5655
8700
11308
9102
5738
4055
3629
5806
15732
12867
9315
4056
11479
12171
12448
7138
9215
17098
8918
6054
8657
9966
4456
7388
11405
9948
15490
4342
10423
15373
9631
14684
11373
15950
16043
18975
15378
728
7389
10362
725
10765
5230
14810
3071
12411
6479
11059
14163
8527
2055
4083
15783
10817
16443
13419
15000
14678
10291
2232
4382
5601
6555
9089
7492
8547
4420
7966
5586
13247
10337
8621
17048
9953
12763
1197
8825
550
10987
11032
11515
15860
7019
9391
5138
2532
5525
7114
11181
11782
13372
8771
13184
11771
13872
9747
7628
529
5763
2846
8843
11225
10460
2040
10998
12570
5188
6804
15836
10961
15093
10660
13719
8238
8428
6994
2626
11693
7543
1786
7846
9388
15043
10225
12928
11724
4497
13825
8124
13823
13588
9798
14286
7085
16944
5775
18198
7199
9859
4670
14702
2199
6313
4609
8911
9565
9580
2909
9707
12753
7892
12468
4872
6981
9255
7280
15792
9780
10229
7369
1530
7296
10995
8191
9862
17202
6122
10228
9637
9019
9227
5944
7924
8339
6204
11621
8862
9806
16287
12031
7824
3892
7259
7758
13005
10598
6038
4993
7722
11614
3421
10722
10541
9424
2143
11998
4391
5641
2915
7668
15884
6217
13517
7989
5391
9046
9037
8265
12647
6040
8751
5478
11413
10884
9211
5812
3359
1909
14897
4559
18645
7938
2786
15703
4665
9296
7494
15334
4594
13050
6972
9840
12312
532
6970
4065
8273
8673
7423
17221
7904
2612
9468
17639
17640
7504
7813
7658
4768
5513
15301
5636
1296
12409
5382
10302
9524
2868
4879
11705
9681
6469
16408
14483
9453
8092
10751
18522
11421
2835
11041
3587
12535
1146
12275
13053
8975
15551
9598
11645
8338
4594
13695
5956
6516
3844
4929
4652
7737
11460
2522
8212
12826
17304
8051
9690
5075
13429
11827
12090
9750
14853
13835
12226
16936
10598
9296
9263
4492
4661
5378
9087
2079
10039
12085
6846
5302
9025
4476
9291
8101
4238
896
6211
4617
11504
9117
5894
6488
13283
11756
12189
13055
6591
4128
9555
11726
10947
10253
5843
18552
13269
3484
17188
13134
6691
14123
3835
10733
17775
12462
5365
9808
9449
4874
12235
6137
10179
12073
8607
6337
6695
7242
6734
14066
5037
9302
9702
8122
8683
7379
11495
7641
10672
6993
17856
3609
5492
10375
12199
1226
9350
11301
1182
16045
5421
17958
9490
5933
1633
13279
14495
6071
7423
5594
5225
4076
2978
18498
2281
18536
8803
3604
14205
10425
7022
11853
11331
11489
14314
11656
14658
7921
15226
12546
7203
13676
4789
8256
13805
14062
13961
6492
10009
6751
10965
4191
13635
7223
5744
8471
9370
6993
4197
9955
7765
8796
9371
9812
12559
6528
6926
9584
14901
9241
1026
7383
12828
2255
4262
9027
9586
8638
4536
10293
9751
8170
2812
8228
2917
2920
6050
9352
8981
5352
5764
8694
6526
367
6748
8464
7436
10680
8952
4574
13008
12493
3875
5910
7212
12849
3964
11155
18952
12745
9883
1873
11840
5276
9617
15465
9715
7815
12933
14153
7062
4380
7053
8545
10456
12089
6972
6746
5883
10613
14063
10525
6808
17875
8513
11747
8152
6736
10539
8785
11251
8035
4924
10865
3027
3982
7166
7185
15855
8318
4094
4849
9551
16272
6594
10160
11531
9858
14760
11840
2867
6552
6796
11616
1885
14300
6793
2729
13662
4693
8891
8242
5823
1345
10705
15068
13162
4116
8359
8515
11283
5084
9566
3998
11965
7723
10762
5824
1395
12391
12138
8286
10783
14142
11482
7506
11297
10843
9657
12235
3417
10971
7387
11687
2212
2300
14380
9294
4763
3768
11441
6901
11793
3728
8589
15504
11950
13748
12364
3742
8650
14797
4655
10615
2891
7626
12847
5036
8976
10458
9073
2238
7970
4803
5949
3496
3321
6456
8197
13367
10729
14618
3278
9187
7443
14393
11670
6435
15719
7479
16575
7015
17981
11984
8824
6374
18313
8790
15326
8363
9819
11722
17354
10301
9169
11161
8292
7207
10424
4022
9858
5146
9185
9851
4871
10941
13420
16019
4883
12341
11280
10990
7362
9812
16800
4633
8541
3701
6722
4575
8594
2957
5953
1356
3387
6955
12718
12132
3298
13360
12991
15058
12765
6512
8609
13545
7123
8899
10837
5873
18658
6806
3476
2226
17759
2282
10184
6929
12040
11065
6751
8638
13208
5606
8023
3297
13396
13721
8631
11130
8097
13391
9310
17626
10781
17339
9128
10366
10154
10551
10918
16175
4776
7496
11700
5118
4861
4167
7479
5220
9285
15741
10788
1781
17774
5608
15093
8911
15976
7876
7516
8263
15419
11204
6213
8144
7612
14369
14549
3480
10053
5693
10743
3942
11061
4514
9240
1708
5926
10924
5188
4576
13048
2061
7264
9448
7017
8254
11185
14231
9573
8941
8146
9454
10430
4715
8052
12770
10942
9991
2602
965
5519
16615
5234
6294
12628
11517
6490
10121
13514
2334
13235
14108
6170
15393
14246
11795
16323
12102
2526
5542
7676
8581
3433
4301
4739
9641
4052
15623
11971
2964
10751
14716
9833
11959
8551
8581
11082
10638
11363
8198
4694
7856
8758
8268
12494
11115
14284
3957
4263
15574
4940
6711
8662
10178
15190
13574
16515
5014
8386
15333
8075
3839
2119
10916
18160
14325
3325
3981
7405
7814
7273
13525
7116
16266
8806
12817
3973
10201
11507
7289
3589
13264
15369
11457
6473
11878
10379
12170
8370
7678
6153
2542
17041
14996
5544
7238
7917
4040
4849
7549
18122
11302
1635
8460
2568
5801
12238
3462
10861
10461
4260
3994
15478
14475
12689
8546
9569
3209
12759
3280
14046
16781
8740
12551
8068
7372
9873
3741
13818
15820
13145
9792
2491
10341
9127
11810
9309
4337
4898
9253
9655
11482
4224
6203
6164
11978
2273
8933
13719
11946
9436
17622
12858
7227
14917
13175
9780
12611
17057
7577
10473
12623
7419
7554
16296
3061
11230
1853
2737
16358
11927
12401
5472
10491
7238
9764
10667
19106
9015
10492
9507
5030
3289
9771
11513
7136
6852
6897
13858
15705
8320
10029
5128
3282
13633
10432
8079
15400
5306
9812
8057
17678
15064
7310
8260
3692
12618
3318
10802
4592
11160
4155
1884
13332
14065
11561
5779
6168
10669
7520
5515
4986
8452
4046
3923
14137
5452
13486
7950
12777
3321
1660
2507
8869
13851
15636
7193
5170
12287
14895
3515
14901
13959
9157
11129
9813
4535
6478
6140
15727
4271
9422
4141
7801
2932
8871
14656
14484
8051
12469
10813
11722
8658
7541
13859
3137
5865
17309
10410
5810
10995
2118
1362
7538
17227
7047
6264
8531
15523
7629
6761
5788
14975
5907
7292
12845
1896
5778
13834
1709
7419
2041
7962
13073
10533
10768
9061
2281
6053
9715
13857
3976
6219
9427
9342
17291
18246
16458
9095
9019
14158
5781
7459
1250
12894
12488
5801
11386
4607
9079
9225
15296
7907
7377
18460
9617
13135
12666
9238
10266
9397
12704
4920
7841
12503
6450
8806
7862
8593
3675
6752
13861
13787
8206
7934
9455
12597
9010
7877
13723
5344
9073
4352
7479
11329
19184
13680
5981
4305
15276
6545
11605
9837
4208
10508
15156
7611
6269
3570
6578
3749
3447
4053
9028
16598
11980
11346
11842
8696
4539
7455
9877
15237
12017
8088
8319
9247
8422
8557
6997
3548
11046
9958
17005
3426
12289
10769
12434
18020
3328
16941
1865
5803
3997
8311
4214
4277
875
17332
10113
9570
13611
9989
6391
14640
8568
10118
9678
11482
12487
6465
9888
6428
13855
4741
7465
5775
1183
1814
3751
6020
9708
13039
14047
9045
7778
14861
6908
8673
14554
19168
14945
6973
4932
4544
15174
8959
11725
11185
6515
5441
3774
8608
11044
17287
10516
10522
7090
2947
13477
10029
16855
9497
7701
947
1507
6571
13264
5668
2507
9582
10316
7618
8885
10436
16911
7236
16822
10600
3081
1928
5235
2660
7886
8924
9348
8856
8066
12427
11479
7696
1067
8487
6356
6593
2832
10787
7209
11711
3400
3624
13699
15157
2891
7387
11285
10546
12177
9346
17514
8016
9658
8752
13269
2419
8031
8439
8049
13144
6370
8988
12514
6018
13551
8993
15989
5589
8502
3523
9534
9680
9182
6616
16447
16603
7446
6844
8134
16161
3248
13711
14764
10586
11826
10533
10226
3303
11969
10540
2884
7571
1421
14680
16625
5824
16211
2393
12240
9373
492
7611
3795
14158
10680
7092
6753
9619
11085
3145
12374
11699
6956
4399
7954
15232
4912
1950
3694
11737
13228
7873
6305
8674
9374
9829
2260
8048
10669
2655
16135
9807
8337
10347
3863
9475
11757
11974
13504
5536
14057
1857
13268
6788
13898
4407
13186
1490
10343
15430
8418
14289
10766
11819
16049
3550
14619
4263
9238
2534
3648
5380
16513
8033
13192
990
13499
8622
11671
6109
8932
18915
7555
8634
7424
8016
14119
8489
3334
5585
4552
7745
1626
8157
11274
6863
8959
6421
16264
13422
12166
2154
9105
3963
11363
16337
13557
6248
7848
11428
14021
15450
14702
2369
14778
5215
7175
6826
5327
7971
12566
10536
11459
6778
6911
10450
2951
7880
11336
15408
14351
9060
11092
8303
6346
9571
14686
6298
16085
9393
13976
8101
7864
2988
9390
10347
11465
8776
6036
4803
12726
2804
13051
10944
7083
2668
11043
19000
9485
1563
6641
4304
6898
14000
10081
9761
11058
4488
5781
11751
8355
6319
9510
8210
2888
9375
14101
1957
7168
12738
18307
2327
5629
11102
2978
9698
4855
11489
12279
8403
10148
6152
4276
12169
9329
9199
5419
13626
4088
9028
3236
10355
2470
5518
17949
828
6578
16039
12723
6159
9584
9593
9237
7934
7134
11533
4943
5718
7267
8445
5205
15859
9013
2730
9911
2653
2809
5729
10130
12162
11533
6115
10791
3775
5973
8344
6800
3921
10967
10065
4566
7309
14713
1720
10183
13149
9499
1378
15881
4841
12746
4873
10431
5117
6540
7330
11170
2770
19395
4620
3252
9821
9162
11099
6673
9580
9325
4320
2987
10735
9159
10080
10857
8142
10670
12485
9567
5255
10920
7860
9996
11520
10875
10290
8060
5380
1111
10667
3392
7326
10701
5800
7950
8740
17790
8767
8075
10615
10022
5042
7659
11779
5564
7204
7779
5294
7517
7137
6107
7744
2967
8733
14632
6745
9178
10789
9167
7868
11302
11491
8745
6922
3789
16862
5637
4263
10128
1729
12307
2917
15307
2345
8271
14865
4250
10501
6704
7628
8612
8773
10493
10494
5048
4089
11850
8077
6309
11689
8299
2982
15982
12564
9307
12043
8212
3363
11159
4627
11003
4439
7146
5345
4579
15245
15071
9861
11410
6785
1954
5266
11474
9552
8292
11449
7787
6702
9870
11451
15171
15833
10347
14249
17326
15370
11941
8465
4322
12498
12106
14182
8958
8993
9770
10747
12014
10742
2433
3825
11278
11745
3586
10036
4992
8371
12745
2809
5818
6689
7722
8948
8353
13697
3991
11279
8589
14122
13540
9545
13278
10044
10758
6460
8443
9349
7901
11631
6413
15264
9258
9299
12680
11316
11145
5882
12221
11991
8570
13206
3394
7770
8011
12874
3335
5328
6959
3827
6231
19094
10489
10244
11292
17464
5511
8519
9022
16958
7223
10062
12312
15920
10015
8188
13157
12289
11119
8045
14655
2774
8705
12174
4212
11657
12088
12845
3269
15078
15716
12409
1716
7482
13496
9721
2662
932
17416
12756
7984
7455
3280
13905
11251
14924
11310
6653
6031
19345
10437
17194
15015
8413
10023
5216
6713
15077
9203
12406
10609
11111
12797
6707
7432
5546
12282
11147
6746
7807
10876
9656
12112
10483
12329
8698
10933
2945
10247
14720
3212
7094
8320
12748
16158
6257
10216
3394
11697
7445
14673
8688
8014
7025
9838
8751
8312
6067
4859
2207
6770
9206
5249
10446
10324
7302
7047
9115
10684
12157
8568
3719
7079
11402
11380
2825
7900
5398
17463
8350
8796
17839
9220
4387
13679
1914
6584
10953
5863
18566
9728
10642
4327
8517
9381
16542
16062
10819
11966
8060
9210
2974
3680
2323
2585
5091
13609
2749
12017
12158
12521
12145
15268
8110
13884
12289
2644
3432
9042
2195
8473
15014
5462
6466
4431
2920
13066
9249
6873
11354
6329
12768
5987
3196
19122
12440
9369
9484
10344
9013
8351
7133
12800
6919
12687
9262
6934
16000
1198
2442
16520
13151
11573
7444
10608
10173
6391
14587
13829
15529
11121
10807
6587
9741
7733
9865
7616
2836
6841
9825
9360
9309
6195
2081
10001
11665
3844
4575
11295
12322
9351
16447
11262
13033
7231
5344
11933
2633
11720
12543
5273
6438
2170
632
5558
10806
2995
9206
3196
2356
9564
15465
15476
7667
5834
2705
9343
4954
14098
2223
10216
7593
8489
11302
5407
7482
9568
9468
2333
16749
4351
7031
6668
9315
14262
11238
8464
6312
14647
14764
14743
9043
10905
12306
10967
2608
8339
4013
11652
2201
12413
962
3933
13810
16031
5001
13866
7515
7595
8926
9172
8012
5562
9155
7009
18549
15002
5295
9163
13403
6033
9704
11335
6737
5296
1510
3804
5214
7953
10555
6630
4734
10889
10481
13974
5903
9891
6744
18521
10156
5079
10841
3905
3731
12270
2789
8197
5917
13573
13100
9211
12311
8484
3260
8421
11139
9207
9195
3815
5684
8587
9640
13133
3238
3858
12682
11929
14436
16641
5929
12245
4648
11083
7566
12103
3921
7853
11309
5355
7018
2609
7571
6477
5974
5945
9866
12098
5506
9563
7515
11683
3430
13142
11669
13024
9651
14605
9439
3381
11539
6902
9499
11221
8941
4917
15992
8740
6141
3868
11488
5143
9784
8726
11060
7000
8684
11983
6191
8103
4521
9086
13251
11930
8486
1814
18244
10140
11228
4849
6031
15580
3689
9816
9409
9637
4370
5869
8713
3737
11577
11972
16816
10490
12385
3926
11903
5581
18953
3170
6834
11883
15160
7341
2903
13777
11506
10403
1065
2315
12692
6196
4462
6688
4551
6103
12974
13120
18563
8696
5748
14228
4621
10488
12278
13420
2761
2418
1670
9638
9208
7240
9747
5955
10976
5474
14515
14637
15046
7870
2857
7085
5204
5170
16591
11622
5188
6758
15223
2280
14254
4734
13706
4132
4396
11456
4433
3506
3030
6539
10367
12212
1108
10364
7412
11396
12208
8515
9467
7886
3180
11099
5199
18449
2921
12750
12461
11636
7439
13437
15730
7651
14561
12964
5632
12428
7095
9277
12458
14303
10004
8943
7719
8165
7280
10744
4026
9128
11918
11141
1572
11172
10738
10510
5232
10455
6528
15083
15571
6323
5568
12007
8860
3818
12663
10998
8755
6500
8575
7343
4251
13127
8132
13281
2258
5284
9518
2647
10839
14067
4641
7525
15863
13354
16050
7958
14229
15473
6549
734
10163
10600
3496
9958
7758
7837
14818
13901
2137
2310
12367
9788
5831
12386
444
4783
17002
11446
5732
10412
10030
12173
17136
7780
5784
9325
11891
7487
12537
11568
9591
5736
6361
7407
5816
3183
11709
16896
13379
12893
13423
11365
12005
6967
2220
9134
8064
2789
5921
9081
4336
6562
8212
3843
12965
12580
6636
12720
12284
8518
8168
11872
5583
9285
1433
14715
6919
4478
5657
19271
14303
8814
11076
10555
9342
9045
1058
9822
3499
14591
7280
14524
11573
5503
8657
18030
12433
13288
14910
7160
11957
14956
9350
9781
3794
3988
11958
14987
11355
9763
12296
13649
3866
6074
14822
8395
11766
667
10150
9612
15812
1453
7540
6290
8260
7135
3724
6376
5396
13941
12417
13234
4625
11726
16780
6097
17698
11468
990
3164
9249
9340
17950
10618
2869
9618
13316
7052
14036
8689
14282
11468
11687
14406
11328
10753
6817
359
1821
3846
5926
11024
9406
10922
8448
8435
8926
8052
10528
12137
9056
12453
6038
14441
9465
9440
3209
3416
10028
11823
11657
15935
9645
12077
7732
8309
13915
8472
5387
2272
5525
9502
10933
12010
17821
10226
13579
11505
8206
12198
9104
8255
9329
18316
10732
5655
9049
11149
6955
11574
10723
8322
5794
6415
11450
6658
7121
5875
15135
6990
10505
4517
1925
928
16132
16759
2961
11805
8627
16861
3758
14591
6825
9732
2858
7844
13886
17897
11620
4105
1625
7166
4925
12811
10607
13971
12698
8687
10015
13874
17508
8031
14516
13257
9878
7069
9172
7747
7193
3395
6317
10223
10623
16696
8450
2729
7166
14687
12701
6160
2942
1145
7761
9476
11177
6436
4190
10709
11307
12241
7564
9448
11302
11040
2671
7514
13806
9461
6691
6454
12106
799
8254
4971
6311
4999
11305
11633
8592
7133
5210
10495
17338
14626
3197
10393
10071
7487
6566
6723
12126
8401
3161
16386
4490
8276
14539
9288
9170
4074
8451
17254
13263
5273
14244
8512
9316
6721
16003
4444
3459
13384
6434
8929
16567
8299
8597
14434
4747
10978
10620
18925
2914
14294
4553
7345
9557
6883
12390
4009
13344
13757
498
8715
13884
13840
4865
11883
8211
11576
5556
9189
1643
7768
6645
11072
9464
6438
2387
8503
9666
15051
8331
5550
4759
13819
9701
12781
8351
18352
7002
1133
11705
10859
9838
10744
9833
5077
8412
18715
10606
12467
2593
16258
8726
8503
10869
10505
7714
14229
8486
5657
10027
14179
6140
11979
7332
11166
3010
7951
13111
15736
11984
15955
8843
8513
7249
12191
9510
9122
15480
10442
11557
4216
5515
8040
11023
16620
13902
8575
4840
4600
10797
6362
16668
12787
13976
4620
9157
15013
5506
16233
16590
5427
13364
4953
13571
13026
9098
9756
6386
6785
1329
4776
8739
4945
18357
13304
1859
5538
2561
7248
15858
10743
5717
6536
1640
9928
8768
9387
10288
9141
5434
4396
3068
1663
8475
10080
7823
9824
7877
3141
5308
6061
4003
14638
2543
10960
10605
10568
8264
10205
7329
4783
9532
13479
11514
8228
5994
11279
10961
9575
7658
6512
17055
13326
3322
11631
13737
11958
5217
6430
6748
14731
14277
7885
7092
8287
12329
7061
10952
9930
4000
12509
6290
9122
3314
14990
15870
6440
5341
5536
10854
11632
9100
11785
3961
8618
11648
16618
13258
10190
4479
4095
13586
7053
7393
5842
7362
3958
1855
14403
9233
4274
6246
10684
7960
6381
718
7847
3584
10175
18974
15223
8414
897
10082
1521
12125
5926
3742
10730
5155
7814
14838
9353
7702
18450
11067
9367
8354
14258
9016
8738
5848
10861
5909
6863
13823
6964
10321
13424
8685
833
10803
6914
17508
9942
13515
573
7442
7978
15215
3270
4882
4131
4813
9420
8215
11793
14360
6462
6001
9876
10795
17079
9453
16236
8834
3895
8408
8207
11468
9676
5770
5652
8274
6863
13436
12912
6538
5012
12749
5716
17142
11372
13015
10257
8177
10933
14794
14275
6625
6777
12082
15999
12047
12231
14874
13573
16573
11639
9817
13401
9208
4352
10852
13750
12634
8690
2761
10118
7498
14354
11994
11286
15844
7595
6475
10624
5304
12735
6803
9675
12521
6713
13826
9442
5241
15555
12669
2595
6031
7263
1783
14668
12461
8532
13683
10339
10290
8397
6451
12811
2957
11426
6797
10058
14591
4145
9664
10125
1051
12528
12925
3521
9461
9558
8819
6477
14927
15400
4886
5315
8978
4532
2173
9227
4072
1824
10427
16161
6042
16319
4421
11306
5859
3715
11146
8619
10819
6499
2165
12742
11658
16006
12480
2203
13345
7562
8444
12486
18410
9561
6669
7397
6745
3712
13274
10355
351
17383
14778
6058
5742
3400
3573
12485
8431
2813
15185
16561
13543
3743
1002
5992
9822
8480
3271
12656
8718
5491
7187
2056
6240
16489
12902
18215
6847
7603
1107
15645
4838
10915
8460
10795
10839
2239
16388
4380
10552
5514
3009
14189
9603
12726
7436
9561
12111
14031
9166
7161
7603
8560
3490
8397
11390
4559
8495
9070
4060
9485
14993
4011
9947
8170
9193
6525
11579
7823
9933
11411
13919
10867
11260
10237
7004
9468
8025
10037
11916
11089
10647
3812
10932
13312
3521
14646
14885
12320
10388
12020
11773
10637
8603
9417
6090
4292
6092
8320
8974
10157
9296
9263
11954
6389
9478
8348
16397
4731
10568
2969
9331
12224
18539
7111
5788
1432
2454
9664
13227
12027
6176
9908
3038
8078
13793
8408
15460
6922
8763
11600
11455
14843
14775
8581
11405
12881
11962
10268
9442
10115
9205
10734
4046
4288
9019
14182
4809
9129
11855
5748
13070
10533
8491
9249
8163
3404
10563
8355
8781
9631
5334
7977
3960
8803
11200
4439
15724
8789
12614
9896
4262
14174
1834
3158
6077
5776
2047
12268
4904
6598
14637
2071
18244
8950
5800
12401
8366
8313
8020
13173
19218
4123
6061
2914
12416
3598
3599
13131
8584
4389
1540
13304
11513
6285
8628
18535
12525
6311
9274
9975
9452
4779
5407
11078
13971
12865
3658
11612
3227
6645
830
5474
13091
7953
7722
5279
13065
9455
8479
1777
8162
8720
16820
9889
6651
9963
2470
17336
8040
13341
1826
9857
9398
5989
10634
750
2376
11618
10355
3234
10806
11744
11204
1489
2808
17579
3176
9891
8164
13221
10182
9278
9656
6916
9071
14776
6618
7200
13709
6854
2317
8304
12490
902
3925
11431
6435
11487
1879
2692
18500
6256
999
4503
8304
7313
11666
11896
5943
11330
16653
9939
9198
9219
8409
5776
9807
9030
4285
3803
14469
13647
604
12623
2277
5128
4944
9399
6068
5087
12105
7252
4720
4453
8856
12011
11037
17681
17009
15142
11955
8849
2802
13196
7926
